{
  "sceneCreatedModel" : [
    {
      "id" : "6338",
      "category" : "platform",
      "transform" : [
        1,
        0,
        0,
        0,
        0,
        7.5497901264043321e-08,
        1,
        0,
        0,
        -1,
        7.5497901264043321e-08,
        0,
        0,
        -1.2999999523162842,
        0,
        1
      ]
    }
  ],
  "specialID" : "h7RHlUTPo0YROvva4zsIVmjxziC38C6ACF77-AC3A-4FB5-A86E-BF90F418B2B8",
 
  "surfaces" : [
    {
      "id" : "34DF1B17-A4C9-4EBC-A320-CA9E8339A591",
      "edges" : [
        false,
        false,
        false,
        false
      ],
      "confidence" : "high",
      "transform" : [
        0.041819468140602112,
        0,
        0.99912500381469727,
        0,
        0,
        1,
        0,
        0,
        -0.99912506341934204,
        0,
        0.041819494217634201,
        0,
        1.153508186340332,
        0.44886213541030884,
        -0.19450443983078003,
        1
      ],
      "category" : "wall",
      "scale" : {
        "x" : 3.8036248683929443,
        "y" : 3.0075931549072266,
        "z" : 0
      }
    },
    {
      "id" : "38FC6F1E-B958-44A8-AD3B-543A60D9909F",
      "edges" : [
        false,
        false,
        false,
        false
      ],
      "confidence" : "high",
      "transform" : [
        -0.99912500381469727,
        0,
        0.041819494217634201,
        0,
        0,
        1,
        0,
        0,
        -0.0418194979429245,
        0,
        -0.99912500381469727,
        0,
        -0.56579887866973877,
        0.44886213541030884,
        1.7809364795684814,
        1
      ],
      "category" : "wall",
      "scale" : {
        "x" : 3.6008303165435791,
        "y" : 3.0075931549072266,
        "z" : 0
      }
    },
    {
      "id" : "97840E0A-CF32-4730-AE2E-E2164724FFC1",
      "edges" : [
        false,
        false,
        false,
        false
      ],
      "confidence" : "high",
      "transform" : [
        0.99912500381469727,
        0,
        -0.041819475591182709,
        0,
        0,
        1,
        0,
        0,
        0.041819468140602112,
        0,
        0.99912506341934204,
        0,
        -0.6644626259803772,
        0.44886213541030884,
        -2.0218887329101562,
        1
      ],
      "category" : "wall",
      "scale" : {
        "x" : 3.4799206256866455,
        "y" : 3.0075931549072266,
        "z" : 0
      }
    },
    {
      "id" : "7B3811CF-B0D9-471E-BED7-30B2F1A7A2D5",
      "edges" : [
        false,
        false,
        false,
        false
      ],
      "confidence" : "high",
      "transform" : [
        -0.041819524019956589,
        0,
        -0.99912500381469727,
        0,
        0,
        1,
        0,
        0,
        0.99912500381469727,
        0,
        -0.041819524019956589,
        0,
        -2.4288403987884521,
        0.44886213541030884,
        0.32236361503601074,
        1
      ],
      "category" : "wall",
      "scale" : {
        "x" : 3.0704174041748047,
        "y" : 3.0075931549072266,
        "z" : 0
      }
    },
    {
      "id" : "442D1B5B-940E-4FDA-98D5-D14B3BEB646D",
      "edges" : [
        false,
        false,
        false,
        false
      ],
      "confidence" : "high",
      "transform" : [
        -0.041819527745246887,
        0,
        -0.99912506341934204,
        0,
        0,
        1,
        0,
        0,
        0.99912506341934204,
        0,
        -0.041819512844085693,
        0,
        -2.3875694274902344,
        0.44886213541030884,
        -1.5828413963317871,
        1
      ],
      "category" : "wall",
      "scale" : {
        "x" : 0.73320764303207397,
        "y" : 3.0075931549072266,
        "z" : 0
      }
    },
    {
      "id" : "1C23638C-E3C2-4FA4-A618-35C90098C848",
      "edges" : [
        false,
        false,
        false,
        false
      ],
      "confidence" : "high",
      "transform" : [
        0.99912506341934204,
        0,
        -0.041820164769887924,
        0,
        0,
        1,
        0,
        0,
        0.041820153594017029,
        0,
        0.99912506341934204,
        0,
        -2.4326403141021729,
        0.44886213541030884,
        -1.2140302658081055,
        1
      ],
      "category" : "wall",
      "scale" : {
        "x" : 0.12090959399938583,
        "y" : 3.0075931549072266,
        "z" : 0
      }
    },
    {
      "isOpen" : false,
      "category" : "door",
      "confidence" : "high",
      "id" : "B82AA59E-A4A6-41F3-8557-D5CEC4256762",
      "edges" : [
        false,
        false,
        false,
        false
      ],
      "transform" : [
        -0.99912500381469727,
        0,
        0.041819494217634201,
        0,
        0,
        1,
        0,
        0,
        -0.0418194979429245,
        0,
        -0.99912500381469727,
        0,
        0.68696463108062744,
        0.038878127932548523,
        1.7285008430480957,
        1
      ],
      "scale" : {
        "x" : 0.90020757913589478,
        "y" : 2.1876251697540283,
        "z" : 0
      }
    },
    {
      "id" : "8C6ACF77-AC3A-4FB5-A86E-BF90F418B2B8",
      "edges" : [
        false,
        false,
        false,
        false
      ],
      "confidence" : "medium",
      "transform" : [
        0.99912500381469727,
        0,
        -0.041819553822278976,
        0,
        0,
        1,
        0,
        0,
        0.041819583624601364,
        0,
        0.99912512302398682,
        0,
        -0.67222338914871216,
        0.54962539672851562,
        -2.0215637683868408,
        1
      ],
      "category" : "window",
      "scale" : {
        "x" : 0.9942629337310791,
        "y" : 1.1316491365432739,
        "z" : 0
      }
    }
  ],
  "objects" : [
    {
      "id" : "E3762489-7912-4D7C-B1B1-055A2BBA6AD1",
      "confidence" : "medium",
      "transform" : [
        0.041819438338279724,
        0,
        0.99912500381469727,
        0,
        0,
        0.99999994039535522,
        0,
        0,
        -0.99912500381469727,
        0,
        0.041819475591182709,
        0,
        0.94636201858520508,
        -0.65614151954650879,
        0.5890042781829834,
        1
      ],
      "category" : "storage",
      "scale" : {
        "x" : 0.62427067756652832,
        "y" : 0.79758584499359131,
        "z" : 0.47946202754974365
      }
    },
    {
      "id" : "F7B8FC48-513A-4E1F-8C67-219C2352F84E",
      "confidence" : "low",
      "transform" : [
        -0.041819527745246887,
        0,
        -0.99912506341934204,
        0,
        0,
        0.99999994039535522,
        0,
        0,
        0.99912500381469727,
        0,
        -0.041819524019956589,
        0,
        -2.2407968044281006,
        -0.82226705551147461,
        -0.60200875997543335,
        1
      ],
      "category" : "storage",
      "scale" : {
        "x" : 0.34787353873252869,
        "y" : 0.46533477306365967,
        "z" : 0.45307117700576782
      }
    },
    {
      "id" : "24F68303-FBFF-495F-A3BD-F7A9BDE1F961",
      "confidence" : "medium",
      "transform" : [
        -0.041819211095571518,
        0,
        -0.99912506341934204,
        0,
        0,
        1,
        0,
        0,
        0.99912506341934204,
        0,
        -0.041819207370281219,
        0,
        0.77833092212677002,
        -0.73465800285339355,
        0.59603750705718994,
        1
      ],
      "category" : "chair",
      "scale" : {
        "x" : 0.44770550727844238,
        "y" : 0.64055275917053223,
        "z" : 0.47701835632324219
      }
    },
    {
      "id" : "E103EA25-A74C-422D-B38C-6AA3D5A2EBD4",
      "confidence" : "high",
      "transform" : [
        -0.04181981086730957,
        0,
        -0.99912518262863159,
        0,
        0,
        1,
        0,
        0,
        0.99912518262863159,
        0,
        -0.04181981086730957,
        0,
        -1.4781842231750488,
        -0.79177981615066528,
        0.36290058493614197,
        1
      ],
      "category" : "bed",
      "scale" : {
        "x" : 1.5326809883117676,
        "y" : 0.52630913257598877,
        "z" : 1.8962581157684326
      }
    },
    {
      "id" : "E08E9BDF-A8EA-44F1-A40E-202175141CC0",
      "confidence" : "medium",
      "transform" : [
        -0.04181969165802002,
        0,
        -0.99912530183792114,
        0,
        0,
        1,
        0,
        0,
        0.99912530183792114,
        0,
        -0.04181969165802002,
        0,
        -1.3944015502929688,
        -0.76770371198654175,
        -1.3971512317657471,
        1
      ],
      "category" : "bed",
      "scale" : {
        "x" : 1.1873307228088379,
        "y" : 0.57446157932281494,
        "z" : 1.9690672159194946
      }
    },
    {
      "id" : "9E640D83-2D51-42EB-AEAD-17590BF1C48F",
      "confidence" : "medium",
      "transform" : [
        -0.99912506341934204,
        0,
        0.041819661855697632,
        0,
        0,
        0.99999994039535522,
        0,
        0,
        -0.04181966558098793,
        0,
        -0.99912494421005249,
        0,
        -1.3402665853500366,
        0.11568735539913177,
        1.5274224281311035,
        1
      ],
      "category" : "storage",
      "scale" : {
        "x" : 2.0744526386260986,
        "y" : 2.3412437438964844,
        "z" : 0.57136023044586182
      }
    },
    {
      "id" : "D3712445-833E-4253-872C-CF1A5DBA4B14",
      "confidence" : "medium",
      "transform" : [
        0.041819442063570023,
        0,
        0.99912506341934204,
        0,
        0,
        1,
        0,
        0,
        -0.99912512302398682,
        0,
        0.041819453239440918,
        0,
        0.86358922719955444,
        0.034419458359479904,
        -1.0065126419067383,
        1
      ],
      "category" : "television",
      "scale" : {
        "x" : 0.69004338979721069,
        "y" : 0.45369461178779602,
        "z" : 0.10000010579824448
      }
    },
    {
      "id" : "AC17046E-21A7-42D9-BCB3-58A7737C12F7",
      "confidence" : "high",
      "transform" : [
        0.06109345331788063,
        0,
        -0.99813193082809448,
        0,
        0,
        0.99999994039535522,
        0,
        0,
        0.99813187122344971,
        0,
        0.061093423515558243,
        0,
        -0.10171067714691162,
        -0.43371647596359253,
        -0.70760703086853027,
        1
      ],
      "category" : "chair",
      "scale" : {
        "x" : 0.65611845254898071,
        "y" : 1.2424359321594238,
        "z" : 0.74801909923553467
      }
    },
    {
      "id" : "B033E89B-9CDD-4FE1-851E-2D0F2A803C47",
      "confidence" : "high",
      "transform" : [
        0.041819553822278976,
        0,
        0.99912506341934204,
        0,
        0,
        1.0000001192092896,
        0,
        0,
        -0.99912518262863159,
        0,
        0.041819550096988678,
        0,
        0.80235475301742554,
        -0.62288361787796021,
        -1.036409854888916,
        1
      ],
      "category" : "table",
      "scale" : {
        "x" : 1.7879743576049805,
        "y" : 0.86410152912139893,
        "z" : 0.63127660751342773
      }
    }
  ]
}