{
  "sceneCreatedModel" : [
    {
      "id" : "6338",
      "category" : "platform",
      "transform" : [
        1,
        0,
        0,
        0,
        0,
        7.5497901264043321e-08,
        1,
        0,
        0,
        -1,
        7.5497901264043321e-08,
        0,
        0,
        -1.2999999523162842,
        0,
        1
      ]
    }
  ],
  "specialID" : "h7RHlUTPo0YROvva4zsIVmjxziC339A1C96E-3D16-47FC-949C-30E7127D75B9",
  "dominantColors" : {
    "Wall+9A1513BF-1FD7-4953-9CA2-87569A66E616" : [
      "#a98572ff",
      "#906b54ff",
      "#dbe8e7ff",
      "#ffffffff",
      "#75513bff",
      "#bfc3beff",
      "#2c242cff",
      "#250c0bff"
    ],
    "Object+4C0827CF-1D42-466E-BDFC-A26EAB513176" : [
      "#7d603cff",
      "#927a5fff",
      "#e7b880ff",
      "#785014ff",
      "#8d692dff",
      "#c39e6eff",
      "#4d2609ff"
    ],
    "Wall+26B1018A-0D7B-4419-BBD8-61EE89FE39A6" : [
      "#232223ff",
      "#c7beafff",
      "#160406ff",
      "#948874ff",
      "#38383eff",
      "#b3a58dff",
      "#704631ff",
      "#361b0fff"
    ],
    "Wall+AC4757E8-8A34-464B-B719-72365E9B73DA" : [
      "#f9f4dfff",
      "#bdb3a3ff",
      "#7d745fff",
      "#dfd3c2ff",
      "#fcad9eff",
      "#a0998fff",
      "#ce7a70ff",
      "#e1b6acff"
    ],
    "Wall+785C1BC1-BC95-4F88-B551-BDA33E400078" : [
      "#80d6e5ff",
      "#64a8b2ff",
      "#83b6b0ff",
      "#516a62ff",
      "#609090ff",
      "#0087beff",
      "#3c676fff",
      "#478797ff"
    ],
    "Opening+4917CABF-90AC-48E2-B544-B95FA2BB44A8" : [
      "#b0afa8ff",
      "#af9f8cff",
      "#e3e5dbff",
      "#5d3d25ff",
      "#8d664fff",
      "#6d5849ff",
      "#231b13ff",
      "#41180cff"
    ],
    "Object+3219A13C-5170-4202-8D89-17F0DC0490F6" : [
      "#ffffffff",
      "#a19b91ff",
      "#817661ff",
      "#b8b9b8ff",
      "#665541ff",
      "#423320ff",
      "#55423bff",
      "#060702ff"
    ],
    "Window+3713EB68-D2FA-44B3-AE08-9DBFAE2D7C3B" : [
      "#968e7eff",
      "#635743ff",
      "#c8c9c8ff",
      "#7d705aff",
      "#3f301cff",
      "#ffffffff",
      "#714800ff",
      "#1f1104ff"
    ],
    "Door+0AA964F1-3B53-4F70-9790-EC102502AA64" : [
      "#979188ff",
      "#84786bff",
      "#b9b4a7ff",
      "#030c41ff",
      "#6a5f50ff",
      "#ffffffff",
      "#352820ff",
      "#b7c9ffff"
    ],
    "Object+40DBD1BF-E7BE-4D6D-8A20-DA6282CFE2F7" : [
      "#bfab9bff",
      "#ebece6ff",
      "#e8d8c8ff",
      "#6c6458ff",
      "#c7c7bfff",
      "#494035ff",
      "#201e1cff",
      "#9a8977ff"
    ],
    "Object+F7AE5AF2-85CA-4C44-9198-7FD4534D5ED1" : [
      "#b8b4acff",
      "#47372eff",
      "#9f998fff",
      "#d8ccb5ff",
      "#2d1f19ff",
      "#5e5442ff",
      "#dee7f0ff",
      "#736b5eff"
    ],
    "Object+29823C3B-FE24-4A90-9625-D1B8B00F9D88" : [
      "#dddfdbff",
      "#c7b3a1ff",
      "#a79787ff",
      "#625d51ff",
      "#f7cf85ff",
      "#42392dff",
      "#887d6fff",
      "#030303ff"
    ],
    "Object+3DBA3879-6885-4433-B30C-51681EC01D89" : [
      "#665a49ff",
      "#504234ff",
      "#cfc5b3ff",
      "#8f8473ff",
      "#eaecebff",
      "#30281dff",
      "#af9f89ff",
      "#644815ff"
    ],
    "Object+5BBF9273-224E-47C2-BECA-3C3F528D4AD7" : [
      "#bfab99ff",
      "#e8e8e0ff",
      "#cfcfbfff",
      "#9f9383ff",
      "#443d30ff",
      "#201e1cff",
      "#565350ff",
      "#f0c174ff"
    ],
    "Object+8E965E5D-B1CB-4A40-BA8A-1BB88B1610FB" : [
      "#e7e9e7ff",
      "#cbcdc9ff",
      "#abaaa6ff",
      "#3f3736ff",
      "#090508ff",
      "#807e7aff",
      "#212123ff",
      "#dd93d4ff"
    ],
    "Object+F70147A2-F0D1-40A6-87C2-CB1B822AFD16" : [
      "#a8a090ff",
      "#ffffffff",
      "#1b0504ff",
      "#3b2824ff",
      "#918165ff",
      "#c4beb0ff",
      "#69604fff",
      "#ddded7ff"
    ],
    "Wall+C82804B7-A41D-49F7-97CF-EDEA4D2C36D6" : [
      "#e2dfdbff",
      "#5b4b33ff",
      "#aea79eff",
      "#c9c4bbff",
      "#020100ff",
      "#8e847dff",
      "#736850ff",
      "#866033ff"
    ],
    "Wall+011473A1-907E-4EB5-A4B7-1FA056067578" : [
      "#4a2d13ff",
      "#cbe4f0ff",
      "#0d0f0eff",
      "#303838ff",
      "#dce2deff",
      "#352122ff",
      "#485454ff",
      "#402018ff"
    ],
    "Wall+9AEC6BD9-5516-4936-AD74-0DD89B816385" : [
      "#ffffffff",
      "#bebbb0ff",
      "#40302dff",
      "#2e191bff",
      "#dcdfdfff",
      "#756b5dff",
      "#080304ff",
      "#918b83ff"
    ],
    "Object+C2C09C5A-6CEB-481B-8061-DBD4CCBDC3D4" : [
      "#ffffffff",
      "#0e0404ff",
      "#b1ada3ff",
      "#dbdfdeff",
      "#888075ff",
      "#5e5848ff",
      "#a59582ff",
      "#877056ff"
    ],
    "Object+417255DB-4CA8-4D99-9FC1-0EF58208FCD4" : [
      "#908b77ff",
      "#a3a09bff",
      "#716655ff",
      "#c7c0b2ff",
      "#c8cdd0ff",
      "#5c4d38ff",
      "#ffffffff",
      "#2a1c0aff"
    ],
    "Object+428E742F-BF21-4C82-9A56-D3634BA1F448" : [
      "#ffffffff",
      "#090304ff",
      "#2e2421ff",
      "#dfdfdfff",
      "#b5a393ff",
      "#5a524bff",
      "#42382dff",
      "#220907ff"
    ],
    "Door+24674D8A-BCA9-4178-84FF-DFB6D6E248B6" : [
      "#7d603cff",
      "#927a5fff",
      "#e7b880ff",
      "#785014ff",
      "#8d692dff",
      "#c39e6eff",
      "#4d2609ff"
    ],
    "Wall+6C40CE41-821B-457C-AC61-3E7894D55958" : [
      "#e7e2d7ff",
      "#8b6850ff",
      "#c3b4a0ff",
      "#b08b6dff",
      "#676054ff",
      "#38322cff",
      "#080605ff",
      "#a4a49cff"
    ],
    "Object+7037AAE9-577C-42CB-ADE7-17A2879FE085" : [
      "#cfccc8ff",
      "#6c6760ff",
      "#a7a39dff",
      "#c6ab7dff",
      "#0c0c0cff",
      "#232426ff",
      "#eecf9fff",
      "#b6c5d4ff"
    ],
    "Wall+093F1797-C22E-478B-8E72-BD5663CF3ADC" : [
      "#bfab99ff",
      "#e8e8e0ff",
      "#cfcfbfff",
      "#9f9383ff",
      "#443d30ff",
      "#201e1cff",
      "#565350ff",
      "#f0c174ff"
    ],
    "Wall+49F6F565-A4A8-48BF-8B99-A5DBFBDA34B7" : [
      "#9d958aff",
      "#beb8b0ff",
      "#e8e9e4ff",
      "#7e7360ff"
    ],
    "Object+243A65BF-AE6B-4B99-B6A4-2803B74CC2D0" : [
      "#010101ff",
      "#908476ff",
      "#ffffffff",
      "#ccccc4ff",
      "#a7aba7ff",
      "#200207ff",
      "#392313ff",
      "#534343ff"
    ],
    "Object+68E0582B-70C1-4ACB-A926-ACB9650B5F31" : [
      "#776d5fff",
      "#bfaf9fff",
      "#eaeeeeff",
      "#8b867cff",
      "#eab874ff",
      "#020202ff",
      "#3d352dff",
      "#d9cebeff"
    ],
    "Object+BB68D901-A1C9-4383-A926-68729C089F47" : [
      "#b6afa2ff",
      "#6b5541ff",
      "#ac9e82ff",
      "#221011ff",
      "#d3d4cfff",
      "#3f3534ff",
      "#080201ff",
      "#5e4d4dff"
    ],
    "Wall+ED873284-42DF-45EC-B10D-75ECDFB0394B" : [
      "#5b5040ff",
      "#b0ab9dff",
      "#d3d2d0ff",
      "#988873ff",
      "#000000ff",
      "#471f09ff",
      "#7a6e5bff",
      "#301005ff"
    ],
    "Object+63C843DA-2C71-47BD-8013-BD4178B69C92" : [
      "#b9a891ff",
      "#7f725fff",
      "#625846ff",
      "#4a3d2bff",
      "#ffffffff",
      "#968f7fff",
      "#d3d6cfff",
      "#372812ff"
    ],
    "Door+08D0AA37-051D-42D5-B27B-200E7B2B4014" : [
      "#010101ff",
      "#908476ff",
      "#ffffffff",
      "#ccccc4ff",
      "#a7aba7ff",
      "#200207ff",
      "#392313ff",
      "#534343ff"
    ]
  },
  "surfaces" : [
    {
      "id" : "273F463E-ADE6-44B4-AEC1-2C627E4DB26E",
      "edges" : [
        false,
        false,
        false,
        false
      ],
      "confidence" : "high",
      "transform" : [
        0.33425262570381165,
        0,
        0.94248336553573608,
        0,
        0,
        1,
        0,
        0,
        -0.94248342514038086,
        0,
        0.33425262570381165,
        0,
        0.1425362229347229,
        0.19843186438083649,
        -7.2266106605529785,
        1
      ],
      "category" : "wall",
      "scale" : {
        "x" : 8.5338859558105469,
        "y" : 2.9987006187438965,
        "z" : 0
      }
    },
    {
      "id" : "444B97E6-087C-46EF-BB84-35115027BC70",
      "edges" : [
        false,
        false,
        false,
        false
      ],
      "confidence" : "high",
      "transform" : [
        0.94248330593109131,
        0,
        -0.33425286412239075,
        0,
        0,
        1,
        0,
        0,
        0.33425286412239075,
        0,
        0.94248330593109131,
        0,
        -6.5153059959411621,
        0.19843186438083649,
        -7.7655797004699707,
        1
      ],
      "category" : "wall",
      "scale" : {
        "x" : 5.3010826110839844,
        "y" : 2.9987006187438965,
        "z" : 0
      }
    },
    {
      "id" : "B22F2167-FE2C-40C3-9CF0-D8E419BF01EC",
      "edges" : [
        false,
        false,
        false,
        false
      ],
      "confidence" : "high",
      "transform" : [
        -0.33425292372703552,
        0,
        -0.94248342514038086,
        0,
        0,
        1,
        0,
        0,
        0.94248336553573608,
        0,
        -0.33425286412239075,
        0,
        -7.4182605743408203,
        0.19843186438083649,
        -1.8412792682647705,
        1
      ],
      "category" : "wall",
      "scale" : {
        "x" : 4.3682408332824707,
        "y" : 2.9987006187438965,
        "z" : 0
      }
    },
    {
      "id" : "6B63BA69-BF4B-4987-855E-171D58AB4D32",
      "edges" : [
        false,
        false,
        false,
        false
      ],
      "confidence" : "high",
      "transform" : [
        -0.94248336553573608,
        0,
        0.33425286412239075,
        0,
        0,
        1,
        0,
        0,
        -0.33425286412239075,
        0,
        -0.94248336553573608,
        0,
        0.1999615877866745,
        0.19843186438083649,
        9.2647390365600586,
        1
      ],
      "category" : "wall",
      "scale" : {
        "x" : 3.8805067539215088,
        "y" : 2.9987006187438965,
        "z" : 0
      }
    },
    {
      "id" : "B9B38DB9-0ABD-4905-8EB5-FE977F55A402",
      "edges" : [
        false,
        false,
        false,
        false
      ],
      "confidence" : "high",
      "transform" : [
        0.94248360395431519,
        0,
        -0.33425229787826538,
        0,
        0,
        1,
        0,
        0,
        0.33425229787826538,
        0,
        0.94248360395431519,
        0,
        -2.9067578315734863,
        0.19843186438083649,
        -10.672515869140625,
        1
      ],
      "category" : "wall",
      "scale" : {
        "x" : 3.4442129135131836,
        "y" : 2.9987006187438965,
        "z" : 0
      }
    },
    {
      "id" : "62F95AC3-7E9D-4217-BC0F-70921AB98BC8",
      "edges" : [
        false,
        false,
        false,
        false
      ],
      "confidence" : "high",
      "transform" : [
        -0.33425283432006836,
        0,
        -0.94248336553573608,
        0,
        0,
        1,
        0,
        0,
        0.94248336553573608,
        0,
        -0.33425280451774597,
        0,
        -2.2045314311981201,
        0.19843186438083649,
        8.2896041870117188,
        1
      ],
      "category" : "wall",
      "scale" : {
        "x" : 3.4455149173736572,
        "y" : 2.9987006187438965,
        "z" : 0
      }
    },
    {
      "id" : "7A939FFE-D57C-4B64-A129-E4EC4ED50784",
      "edges" : [
        false,
        false,
        false,
        false
      ],
      "confidence" : "high",
      "transform" : [
        -0.33425208926200867,
        0,
        -0.94248360395431519,
        0,
        0,
        1,
        0,
        0,
        0.94248360395431519,
        0,
        -0.33425208926200867,
        0,
        -4.2735152244567871,
        0.19843186438083649,
        -9.3742151260375977,
        1
      ],
      "category" : "wall",
      "scale" : {
        "x" : 1.5335726737976074,
        "y" : 2.9987006187438965,
        "z" : 0
      }
    },
    {
      "id" : "AC4757E8-8A34-464B-B719-72365E9B73DA",
      "edges" : [
        false,
        false,
        false,
        false
      ],
      "confidence" : "high",
      "transform" : [
        -0.94282746315002441,
        0,
        0.33328118920326233,
        0,
        0,
        1,
        0,
        0,
        -0.33328118920326233,
        0,
        -0.94282746315002441,
        0,
        1.5877534151077271,
        0.19843186438083649,
        2.5071480274200439,
        1
      ],
      "category" : "wall",
      "scale" : {
        "x" : 0.93857508897781372,
        "y" : 2.9987006187438965,
        "z" : 0
      }
    },
    {
      "id" : "AAC9BEFE-1FA3-4B1B-8CD7-6092E6E11372",
      "edges" : [
        false,
        false,
        false,
        false
      ],
      "confidence" : "high",
      "transform" : [
        -0.33425250649452209,
        0,
        -0.94248354434967041,
        0,
        0,
        1,
        0,
        0,
        0.94248354434967041,
        0,
        -0.33425250649452209,
        0,
        -8.4957027435302734,
        0.19843186438083649,
        -5.4198999404907227,
        1
      ],
      "category" : "wall",
      "scale" : {
        "x" : 3.0976214408874512,
        "y" : 2.9987006187438965,
        "z" : 0
      }
    },
    {
      "id" : "DE6EB635-C82C-4F0E-A601-5FECDE3DC801",
      "edges" : [
        false,
        false,
        false,
        false
      ],
      "confidence" : "high",
      "transform" : [
        -0.94248366355895996,
        0,
        0.33425214886665344,
        0,
        0,
        1,
        0,
        0,
        -0.33425214886665344,
        0,
        -0.94248360395431519,
        0,
        1.1658128499984741,
        0.19843186438083649,
        -3.062178373336792,
        1
      ],
      "category" : "wall",
      "scale" : {
        "x" : 0.85510283708572388,
        "y" : 2.9987006187438965,
        "z" : 0
      }
    },
    {
      "id" : "8B0F97FD-DDE8-4549-B870-50EC1D1D7AFC",
      "edges" : [
        false,
        false,
        false,
        false
      ],
      "confidence" : "high",
      "transform" : [
        0.34114545583724976,
        0,
        0.94001030921936035,
        0,
        0,
        1,
        0,
        0,
        -0.9400104284286499,
        0,
        0.34114548563957214,
        0,
        2.0485270023345947,
        0.19843186438083649,
        5.1523633003234863,
        1
      ],
      "category" : "wall",
      "scale" : {
        "x" : 5.2952828407287598,
        "y" : 2.9987006187438965,
        "z" : 0
      }
    },
    {
      "id" : "7647CF6B-020E-4214-9EF0-80FFCDAB68C8",
      "edges" : [
        false,
        false,
        false,
        false
      ],
      "confidence" : "high",
      "transform" : [
        0.94248723983764648,
        0,
        -0.33424180746078491,
        0,
        0,
        1,
        0,
        0,
        0.3342418372631073,
        0,
        0.94248723983764648,
        0,
        -8.0631589889526367,
        0.19843186438083649,
        -3.9299736022949219,
        1
      ],
      "category" : "wall",
      "scale" : {
        "x" : 0.1806924045085907,
        "y" : 2.9987006187438965,
        "z" : 0
      }
    },
    {
      "id" : "F355C5F9-8124-40BD-B9D4-2622E8CCC57D",
      "edges" : [
        false,
        false,
        false,
        false
      ],
      "confidence" : "high",
      "transform" : [
        -0.93301868438720703,
        0,
        0.35982775688171387,
        0,
        0,
        1,
        0,
        0,
        -0.35982775688171387,
        0,
        -0.93301868438720703,
        0,
        -1.748563289642334,
        0.19843186438083649,
        -1.1822397708892822,
        1
      ],
      "category" : "wall",
      "scale" : {
        "x" : 0.71955865621566772,
        "y" : 2.9987006187438965,
        "z" : 0
      }
    },
    {
      "id" : "4673C507-EC01-4414-B139-23156C1CA62E",
      "edges" : [
        false,
        false,
        false,
        false
      ],
      "confidence" : "high",
      "transform" : [
        -0.94248229265213013,
        0,
        0.33425584435462952,
        0,
        0,
        1,
        0,
        0,
        -0.33425584435462952,
        0,
        -0.94248229265213013,
        0,
        -6.4643678665161133,
        0.19843186438083649,
        0.13783028721809387,
        1
      ],
      "category" : "wall",
      "scale" : {
        "x" : 0.47501081228256226,
        "y" : 2.9987006187438965,
        "z" : 0
      }
    },
    {
      "id" : "9D3483EF-9ECA-41F1-A2CA-931292887AE8",
      "edges" : [
        false,
        false,
        false,
        false
      ],
      "confidence" : "high",
      "transform" : [
        0.3342558741569519,
        0,
        0.94248229265213013,
        0,
        0,
        1,
        0,
        0,
        -0.94248229265213013,
        0,
        0.33425584435462952,
        0,
        0.70647215843200684,
        0.19843186438083649,
        -3.0782418251037598,
        1
      ],
      "category" : "wall",
      "scale" : {
        "x" : 0.33735024929046631,
        "y" : 2.9987006187438965,
        "z" : 0
      }
    },
    {
      "id" : "25C67199-F853-4EC8-A353-23BD3987933E",
      "edges" : [
        false,
        false,
        false,
        false
      ],
      "confidence" : "high",
      "transform" : [
        -0.94248402118682861,
        0,
        0.33425086736679077,
        0,
        0,
        1,
        0,
        0,
        -0.33425086736679077,
        0,
        -0.94248396158218384,
        0,
        0.38578909635543823,
        0.19843186438083649,
        -3.1434803009033203,
        1
      ],
      "category" : "wall",
      "scale" : {
        "x" : 0.56086331605911255,
        "y" : 2.9987006187438965,
        "z" : 0
      }
    },
    {
      "id" : "9A1513BF-1FD7-4953-9CA2-87569A66E616",
      "edges" : [
        false,
        false,
        false,
        false
      ],
      "confidence" : "high",
      "transform" : [
        -0.035858906805515289,
        0,
        -0.99935674667358398,
        0,
        0,
        1,
        0,
        0,
        0.99935680627822876,
        0,
        -0.035858906805515289,
        0,
        -2.0889194011688232,
        0.19843186438083649,
        -1.1830847263336182,
        1
      ],
      "category" : "wall",
      "scale" : {
        "x" : 0.26077449321746826,
        "y" : 2.9987006187438965,
        "z" : 0
      }
    },
    {
      "id" : "13BAE550-50F3-43FE-A24C-DAE6BA69CC9F",
      "edges" : [
        false,
        false,
        false,
        false
      ],
      "confidence" : "high",
      "transform" : [
        0.94420123100280762,
        0,
        -0.32936874032020569,
        0,
        0,
        1,
        0,
        0,
        0.32936874032020569,
        0,
        0.94420123100280762,
        0,
        -0.93025428056716919,
        0.19843186438083649,
        6.0205531120300293,
        1
      ],
      "category" : "wall",
      "scale" : {
        "x" : 3.9188964366912842,
        "y" : 2.9987006187438965,
        "z" : 0
      }
    },
    {
      "id" : "0AA921FD-17E2-4F62-87DD-7B97C76E3040",
      "edges" : [
        false,
        false,
        false,
        false
      ],
      "confidence" : "high",
      "transform" : [
        -0.9525415301322937,
        0,
        0.30440852046012878,
        0,
        0,
        1,
        0,
        0,
        -0.30440852046012878,
        0,
        -0.95254147052764893,
        0,
        0.91325771808624268,
        0.19843186438083649,
        0.59603422880172729,
        1
      ],
      "category" : "wall",
      "scale" : {
        "x" : 0.94523060321807861,
        "y" : 2.9987006187438965,
        "z" : 0
      }
    },
    {
      "id" : "910BFEA2-A3A7-455E-AE59-FF6A03A761D4",
      "edges" : [
        false,
        false,
        false,
        false
      ],
      "confidence" : "high",
      "transform" : [
        0.33135303854942322,
        0,
        0.94350677728652954,
        0,
        0,
        1,
        0,
        0,
        -0.94350677728652954,
        0,
        0.33135303854942322,
        0,
        1.6968269348144531,
        0.19843186438083649,
        1.4014546871185303,
        1
      ],
      "category" : "wall",
      "scale" : {
        "x" : 2.0122561454772949,
        "y" : 2.9987006187438965,
        "z" : 0
      }
    },
    {
      "id" : "6D885A8D-77F3-4CCC-885F-29D1CAF58D6C",
      "edges" : [
        false,
        false,
        false,
        false
      ],
      "confidence" : "high",
      "transform" : [
        0.33425265550613403,
        0,
        0.94248330593109131,
        0,
        0,
        1,
        0,
        0,
        -0.94248348474502563,
        0,
        0.33425268530845642,
        0,
        0.74246507883071899,
        0.19843186438083649,
        -1.2987899780273438,
        1
      ],
      "category" : "wall",
      "scale" : {
        "x" : 3.7156219482421875,
        "y" : 2.9987006187438965,
        "z" : 0
      }
    },
    {
      "id" : "C60BDB48-B7C5-40F1-B264-36558015630D",
      "edges" : [
        false,
        false,
        false,
        false
      ],
      "confidence" : "high",
      "transform" : [
        -0.94421076774597168,
        0,
        0.32934138178825378,
        0,
        0,
        1,
        0,
        0,
        -0.32934138178825378,
        0,
        -0.94421076774597168,
        0,
        -2.7412090301513672,
        0.19843186438083649,
        2.4946126937866211,
        1
      ],
      "category" : "wall",
      "scale" : {
        "x" : 4.9753913879394531,
        "y" : 2.9987006187438965,
        "z" : 0
      }
    },
    {
      "id" : "FC85732B-BE2B-4AA9-845A-60924BE1CBFC",
      "edges" : [
        false,
        false,
        false,
        false
      ],
      "confidence" : "high",
      "transform" : [
        -0.33425265550613403,
        0,
        -0.94248342514038086,
        0,
        0,
        1,
        0,
        0,
        0.94248348474502563,
        0,
        -0.33425265550613403,
        0,
        0.26377969980239868,
        0.19843186438083649,
        3.5252418518066406,
        1
      ],
      "category" : "wall",
      "scale" : {
        "x" : 3.9256505966186523,
        "y" : 2.9987006187438965,
        "z" : 0
      }
    },
    {
      "id" : "E8D04651-A4C9-409B-BA29-99068D9675E0",
      "edges" : [
        false,
        false,
        false,
        false
      ],
      "confidence" : "high",
      "transform" : [
        -0.33425289392471313,
        0,
        -0.94248330593109131,
        0,
        0,
        1,
        0,
        0,
        0.94248330593109131,
        0,
        -0.33425289392471313,
        0,
        -5.5920891761779785,
        0.19843186438083649,
        1.8985192775726318,
        1
      ],
      "category" : "wall",
      "scale" : {
        "x" : 3.0035429000854492,
        "y" : 2.9987006187438965,
        "z" : 0
      }
    },
    {
      "id" : "94F16176-75DE-4C9F-A1A8-F1EE10EAC148",
      "edges" : [
        false,
        false,
        false,
        false
      ],
      "confidence" : "high",
      "transform" : [
        -0.32603070139884949,
        0,
        -0.94535905122756958,
        0,
        0,
        1,
        0,
        0,
        0.94535905122756958,
        0,
        -0.32603070139884949,
        0,
        -6.167292594909668,
        0.19843186438083649,
        0.27078375220298767,
        1
      ],
      "category" : "wall",
      "scale" : {
        "x" : 0.4492281973361969,
        "y" : 2.9987006187438965,
        "z" : 0
      }
    },
    {
      "id" : "77B18197-551F-44DC-A593-B58FF4900957",
      "edges" : [
        false,
        false,
        false,
        false
      ],
      "confidence" : "high",
      "transform" : [
        0.93383872509002686,
        0,
        -0.35769420862197876,
        0,
        0,
        1,
        0,
        0,
        0.35769423842430115,
        0,
        0.93383872509002686,
        0,
        -4.0891523361206055,
        0.19843186438083649,
        -0.28482824563980103,
        1
      ],
      "category" : "wall",
      "scale" : {
        "x" : 4.293907642364502,
        "y" : 2.9987006187438965,
        "z" : 0
      }
    },
    {
      "id" : "533F068A-988F-49A6-A4E7-F53D91E180EA",
      "edges" : [
        false,
        false,
        false,
        false
      ],
      "confidence" : "high",
      "transform" : [
        0.32368370890617371,
        0,
        0.94616526365280151,
        0,
        0,
        1,
        0,
        0,
        -0.94616520404815674,
        0,
        0.32368370890617371,
        0,
        1.4742387533187866,
        0.19843186438083649,
        6.9956879615783691,
        1
      ],
      "category" : "wall",
      "scale" : {
        "x" : 3.4254395961761475,
        "y" : 2.9987006187438965,
        "z" : 0
      }
    },
    {
      "id" : "6FBED91D-7FE9-4582-A81B-06116A3C69A5",
      "edges" : [
        false,
        false,
        false,
        false
      ],
      "confidence" : "high",
      "transform" : [
        0.33425256609916687,
        0,
        0.94248348474502563,
        0,
        0,
        1,
        0,
        0,
        -0.94248348474502563,
        0,
        0.33425256609916687,
        0,
        0.80418413877487183,
        0.19843186438083649,
        1.7017276287078857,
        1
      ],
      "category" : "wall",
      "scale" : {
        "x" : 2.0410442352294922,
        "y" : 2.9987006187438965,
        "z" : 0
      }
    },
    {
      "id" : "73E04632-05D0-46C6-8CD4-71E91D1482D0",
      "edges" : [
        false,
        false,
        false,
        false
      ],
      "confidence" : "high",
      "transform" : [
        -0.94248330593109131,
        0,
        0.33425283432006836,
        0,
        0,
        1,
        0,
        0,
        -0.33425283432006836,
        0,
        -0.94248330593109131,
        0,
        2.3913955688476562,
        0.19843186438083649,
        7.8399066925048828,
        1
      ],
      "category" : "wall",
      "scale" : {
        "x" : 1.1891187429428101,
        "y" : 2.9987006187438965,
        "z" : 0
      }
    },
    {
      "id" : "33B9D21D-5253-49BF-A29F-85E124881187",
      "edges" : [
        false,
        false,
        false,
        false
      ],
      "confidence" : "high",
      "transform" : [
        -0.32332196831703186,
        0,
        -0.94628894329071045,
        0,
        0,
        1,
        0,
        0,
        0.94628894329071045,
        0,
        -0.32332196831703186,
        0,
        -0.90259110927581787,
        0.19843186438083649,
        0.18180650472640991,
        1
      ],
      "category" : "wall",
      "scale" : {
        "x" : 3.1565515995025635,
        "y" : 2.9987006187438965,
        "z" : 0
      }
    },
    {
      "isOpen" : false,
      "category" : "door",
      "confidence" : "high",
      "id" : "24674D8A-BCA9-4178-84FF-DFB6D6E248B6",
      "edges" : [
        false,
        false,
        false,
        false
      ],
      "transform" : [
        0.33425265550613403,
        0,
        0.94248348474502563,
        0,
        0,
        1,
        0,
        0,
        -0.94248348474502563,
        0,
        0.33425262570381165,
        0,
        0.49573695659637451,
        -0.22307468950748444,
        -1.9944822788238525,
        1
      ],
      "scale" : {
        "x" : 1.0118438005447388,
        "y" : 2.1556870937347412,
        "z" : 0
      }
    },
    {
      "isOpen" : false,
      "category" : "door",
      "confidence" : "medium",
      "id" : "A2E8A8EB-3AC5-4AA1-8476-F255FD8733ED",
      "edges" : [
        false,
        false,
        false,
        false
      ],
      "transform" : [
        -0.33425283432006836,
        0,
        -0.94248330593109131,
        0,
        0,
        1,
        0,
        0,
        0.94248330593109131,
        0,
        -0.33425283432006836,
        0,
        -7.0336813926696777,
        -0.12680213153362274,
        -0.7568926215171814,
        1
      ],
      "scale" : {
        "x" : 0.97505372762680054,
        "y" : 2.3482325077056885,
        "z" : 0
      }
    },
    {
      "isOpen" : false,
      "category" : "door",
      "confidence" : "high",
      "id" : "A621FA7D-6294-40E7-9695-6B420CB1BBE1",
      "edges" : [
        false,
        false,
        false,
        false
      ],
      "transform" : [
        -0.33425259590148926,
        0,
        -0.94248348474502563,
        0,
        0,
        1,
        0,
        0,
        0.94248348474502563,
        0,
        -0.33425259590148926,
        0,
        0.64746910333633423,
        -0.26097732782363892,
        4.6071209907531738,
        1
      ],
      "scale" : {
        "x" : 0.77111035585403442,
        "y" : 2.0798821449279785,
        "z" : 0
      }
    },
    {
      "isOpen" : true,
      "category" : "door",
      "confidence" : "medium",
      "id" : "9FF7283F-D28B-4763-9F83-D1BE89F3C136",
      "edges" : [
        false,
        false,
        false,
        false
      ],
      "transform" : [
        0.32368370890617371,
        0,
        0.94616526365280151,
        0,
        0,
        0.99999994039535522,
        0,
        0,
        -0.94616514444351196,
        0,
        0.32368367910385132,
        0,
        1.050466775894165,
        -0.25003457069396973,
        5.756953239440918,
        1
      ],
      "scale" : {
        "x" : 0.72920089960098267,
        "y" : 2.1017675399780273,
        "z" : 0
      }
    },
    {
      "id" : "3713EB68-D2FA-44B3-AE08-9DBFAE2D7C3B",
      "edges" : [
        false,
        false,
        false,
        false
      ],
      "confidence" : "medium",
      "transform" : [
        0.33425262570381165,
        0,
        0.94248336553573608,
        0,
        0,
        1,
        0,
        0,
        -0.94248348474502563,
        0,
        0.33425265550613403,
        0,
        -0.89530563354492188,
        0.37964838743209839,
        -10.152987480163574,
        1
      ],
      "category" : "window",
      "scale" : {
        "x" : 1.5239086151123047,
        "y" : 1.9647669792175293,
        "z" : 0
      }
    },
    {
      "id" : "7C578DA6-0099-4DB8-9304-392BA38AFC14",
      "edges" : [
        false,
        false,
        false,
        false
      ],
      "confidence" : "medium",
      "transform" : [
        0.94248348474502563,
        0,
        -0.33425238728523254,
        0,
        0,
        1,
        0,
        0,
        0.33425238728523254,
        0,
        0.94248342514038086,
        0,
        -2.9574785232543945,
        0.33413058519363403,
        -10.65452766418457,
        1
      ],
      "category" : "window",
      "scale" : {
        "x" : 1.8297383785247803,
        "y" : 1.4810545444488525,
        "z" : 0
      }
    },
    {
      "id" : "F6F00698-8D80-454D-951D-C79AD341AB76",
      "edges" : [
        false,
        false,
        false,
        false
      ],
      "confidence" : "medium",
      "transform" : [
        -0.33425277471542358,
        0,
        -0.94248336553573608,
        0,
        0,
        0.99999994039535522,
        0,
        0,
        0.94248342514038086,
        0,
        -0.33425277471542358,
        0,
        -2.196819543838501,
        0.29045718908309937,
        8.3113498687744141,
        1
      ],
      "category" : "window",
      "scale" : {
        "x" : 1.0305782556533813,
        "y" : 1.0736278295516968,
        "z" : 0
      }
    },
    {
      "id" : "6ADA9FB6-A47F-4924-9B29-21EBC27346EF",
      "edges" : [
        false,
        false,
        false,
        false
      ],
      "confidence" : "medium",
      "transform" : [
        -0.94282734394073486,
        0,
        0.33328121900558472,
        0,
        0,
        1,
        0,
        0,
        -0.33328121900558472,
        0,
        -0.94282734394073486,
        0,
        1.6596897840499878,
        0.83097022771835327,
        2.4817190170288086,
        1
      ],
      "category" : "window",
      "scale" : {
        "x" : 0.70749747753143311,
        "y" : 0.7697557806968689,
        "z" : 0
      }
    },
    {
      "id" : "C4E45420-E877-4AB3-93DE-B4924C492643",
      "edges" : [
        false,
        false,
        false,
        false
      ],
      "confidence" : "medium",
      "transform" : [
        -0.33425244688987732,
        0,
        -0.94248348474502563,
        0,
        0,
        1,
        0,
        0,
        0.94248354434967041,
        0,
        -0.33425244688987732,
        0,
        -8.5881481170654297,
        0.33191365003585815,
        -5.6805663108825684,
        1
      ],
      "category" : "window",
      "scale" : {
        "x" : 1.3966957330703735,
        "y" : 1.587730884552002,
        "z" : 0
      }
    },
    {
      "id" : "993DF44C-F0E9-42BF-A0D5-5612502D8448",
      "edges" : [
        false,
        false,
        false,
        false
      ],
      "confidence" : "medium",
      "transform" : [
        0.34114548563957214,
        0,
        0.9400104284286499,
        0,
        0,
        0.99999994039535522,
        0,
        0,
        -0.94001036882400513,
        0,
        0.34114548563957214,
        0,
        1.5666694641113281,
        0.44073069095611572,
        3.8246273994445801,
        1
      ],
      "category" : "window",
      "scale" : {
        "x" : 1.2647209167480469,
        "y" : 0.93373680114746094,
        "z" : 0
      }
    },
    {
      "id" : "7E7D1022-501D-46A0-B74C-398FA5036804",
      "edges" : [
        false,
        false,
        false,
        false
      ],
      "confidence" : "high",
      "transform" : [
        -0.94248336553573608,
        0,
        0.33425286412239075,
        0,
        0,
        1,
        0,
        0,
        -0.33425289392471313,
        0,
        -0.94248336553573608,
        0,
        2.4468631744384766,
        -0.16091839969158173,
        7.8202347755432129,
        1
      ],
      "category" : "opening",
      "scale" : {
        "x" : 1.0714132785797119,
        "y" : 2.2799999713897705,
        "z" : 0
      }
    },
    {
      "id" : "4917CABF-90AC-48E2-B544-B95FA2BB44A8",
      "edges" : [
        false,
        false,
        false,
        false
      ],
      "confidence" : "high",
      "transform" : [
        -0.32332193851470947,
        0,
        -0.9462888240814209,
        0,
        0,
        1.0000001192092896,
        0,
        0,
        0.94628894329071045,
        0,
        -0.32332196831703186,
        0,
        -0.89487540721893311,
        -0.25091844797134399,
        0.20438849925994873,
        1
      ],
      "category" : "opening",
      "scale" : {
        "x" : 1.0393078327178955,
        "y" : 2.0999999046325684,
        "z" : 0
      }
    },
    {
      "id" : "39A1C96E-3D16-47FC-949C-30E7127D75B9",
      "edges" : [
        false,
        false,
        false,
        false
      ],
      "confidence" : "high",
      "transform" : [
        0.33425256609916687,
        0,
        0.94248342514038086,
        0,
        0,
        0.99999994039535522,
        0,
        0,
        -0.94248348474502563,
        0,
        0.33425256609916687,
        0,
        0.66096782684326172,
        -0.24091844260692596,
        1.2979042530059814,
        1
      ],
      "category" : "opening",
      "scale" : {
        "x" : 0.69659817218780518,
        "y" : 2.119999885559082,
        "z" : 0
      }
    }
  ],
  "objects" : [
    {
      "id" : "C21AF59E-1473-479C-A457-4A8F5F32B6D4",
      "confidence" : "medium",
      "transform" : [
        0.22087632119655609,
        0,
        0.97530168294906616,
        0,
        0,
        1,
        0,
        0,
        -0.97530168294906616,
        0,
        0.22087633609771729,
        0,
        -4.6571650505065918,
        -0.8366895318031311,
        -5.7984251976013184,
        1
      ],
      "category" : "chair",
      "scale" : {
        "x" : 0.64794957637786865,
        "y" : 0.92845785617828369,
        "z" : 0.71216630935668945
      }
    },
    {
      "id" : "1B1A37F8-91E9-46C4-8D2F-C7A9B3DDD5D8",
      "confidence" : "medium",
      "transform" : [
        -0.33425337076187134,
        0,
        -0.94248318672180176,
        0,
        0,
        1,
        0,
        0,
        0.94248318672180176,
        0,
        -0.33425337076187134,
        0,
        -5.968843936920166,
        -0.95524746179580688,
        -2.0823984146118164,
        1
      ],
      "category" : "chair",
      "scale" : {
        "x" : 0.52756649255752563,
        "y" : 0.69134187698364258,
        "z" : 0.62371909618377686
      }
    },
    {
      "id" : "7A56020C-F11B-435A-AFB3-67760FA1B254",
      "confidence" : "medium",
      "transform" : [
        -0.33425301313400269,
        0,
        -0.94248324632644653,
        0,
        0,
        1,
        0,
        0,
        0.94248324632644653,
        0,
        -0.33425301313400269,
        0,
        -5.8225188255310059,
        0.583820641040802,
        0.86484551429748535,
        1
      ],
      "category" : "storage",
      "scale" : {
        "x" : 0.90105801820755005,
        "y" : 0.76633310317993164,
        "z" : 0.25666478276252747
      }
    },
    {
      "id" : "B8FFFE0E-50B6-45FC-98A5-14A92502AEA7",
      "confidence" : "medium",
      "transform" : [
        0.93383872509002686,
        0,
        -0.35769417881965637,
        0,
        0,
        0.99999994039535522,
        0,
        0,
        0.35769414901733398,
        0,
        0.93383866548538208,
        0,
        -4.6549263000488281,
        -0.81755143404006958,
        0.35525685548782349,
        1
      ],
      "category" : "oven",
      "scale" : {
        "x" : 0.7438693642616272,
        "y" : 0.96673381328582764,
        "z" : 0.79072463512420654
      }
    },
    {
      "id" : "428E742F-BF21-4C82-9A56-D3634BA1F448",
      "confidence" : "medium",
      "transform" : [
        -0.99990510940551758,
        0,
        0.013773451559245586,
        0,
        0,
        1,
        0,
        0,
        -0.01377345435321331,
        0,
        -0.99990510940551758,
        0,
        -6.3983912467956543,
        -0.787250816822052,
        -0.24507635831832886,
        1
      ],
      "category" : "chair",
      "scale" : {
        "x" : 0.64038914442062378,
        "y" : 1.0273352861404419,
        "z" : 0.69315379858016968
      }
    },
    {
      "id" : "2E00439E-D386-4C89-B135-0948A2237FAD",
      "confidence" : "high",
      "transform" : [
        -0.94248336553573608,
        0,
        0.33425301313400269,
        0,
        0,
        0.99999994039535522,
        0,
        0,
        -0.3342529833316803,
        0,
        -0.94248330593109131,
        0,
        0.25490227341651917,
        -1.0229959487915039,
        8.241368293762207,
        1
      ],
      "category" : "bed",
      "scale" : {
        "x" : 1.3202375173568726,
        "y" : 0.55584478378295898,
        "z" : 1.8922910690307617
      }
    },
    {
      "id" : "E42BAD7B-F006-4BDB-8F79-281915D45C76",
      "confidence" : "high",
      "transform" : [
        -0.33425283432006836,
        0,
        -0.94248336553573608,
        0,
        0,
        0.99999994039535522,
        0,
        0,
        0.94248330593109131,
        0,
        -0.33425283432006836,
        0,
        -6.2530474662780762,
        -1.0236852169036865,
        -5.8372039794921875,
        1
      ],
      "category" : "table",
      "scale" : {
        "x" : 1.1173758506774902,
        "y" : 0.55446600914001465,
        "z" : 0.69100815057754517
      }
    },
    {
      "id" : "E0B3E1E7-C821-4E0B-8531-6FD2D902E1B7",
      "confidence" : "medium",
      "transform" : [
        0.93383872509002686,
        0,
        -0.35769417881965637,
        0,
        0,
        1,
