{
    "objects": [
        {
            "category": "storage",
            "confidence": "medium",
            "id": "E3762489-7912-4D7C-B1B1-055A2BBA6AD1",
            "scale": {
                "x": 0.6242706775665283,
                "y": 0.7975858449935913,
                "z": 0.47946202754974365
            },
            "transform": [
                0.041819438338279724,
                0.0,
                0.9991250038146973,
                0.0,
                0.0,
                0.9999999403953552,
                0.0,
                0.0,
                -0.9991250038146973,
                0.0,
                0.04181947559118271,
                0.0,
                1.548990245069246,
                -0.6561415195465088,
                0.5819127428529377,
                1.0
            ]
        },
        {
            "category": "storage",
            "confidence": "low",
            "id": "F7B8FC48-513A-4E1F-8C67-219C2352F84E",
            "scale": {
                "x": 0.3478735387325287,
                "y": 0.46533477306365967,
                "z": 0.4530711770057678
            },
            "transform": [
                -0.04181952774524689,
                0.0,
                -0.999125063419342,
                0.0,
                0.0,
                0.9999999403953552,
                0.0,
                0.0,
                0.9991250038146973,
                0.0,
                -0.04181952401995659,
                0.0,
                -2.214220511805231,
                -0.8222670555114746,
                -0.6117558876070494,
                1.0
            ]
        },
        {
            "category": "chair",
            "confidence": "medium",
            "id": "24F68303-FBFF-495F-A3BD-F7A9BDE1F961",
            "scale": {
                "x": 0.4477055072784424,
                "y": 0.6405527591705322,
                "z": 0.4770183563232422
            },
            "transform": [
                -0.04181921109557152,
                0.0,
                -0.999125063419342,
                0.0,
                0.0,
                1.0,
                0.0,
                0.0,
                0.999125063419342,
                0.0,
                -0.04181920737028122,
                0.0,
                0.9191231854618478,
                -0.7346580028533936,
                0.5982677794328438,
                1.0
            ]
        },
        {
            "category": "bed",
            "confidence": "high",
            "id": "E103EA25-A74C-422D-B38C-6AA3D5A2EBD4",
            "scale": {
                "x": 1.5326809883117676,
                "y": 0.5263091325759888,
                "z": 1.8962581157684326
            },
            "transform": [
                -0.04181981086730957,
                0.0,
                -0.9991251826286316,
                0.0,
                0.0,
                1.0,
                0.0,
                0.0,
                0.9991251826286316,
                0.0,
                -0.04181981086730957,
                0.0,
                -1.332717658619355,
                -0.7917798161506653,
                0.3622321615111928,
                1.0
            ]
        },
        {
            "category": "bed",
            "confidence": "medium",
            "id": "E08E9BDF-A8EA-44F1-A40E-202175141CC0",
            "scale": {
                "x": 1.187330722808838,
                "y": 0.5744615793228149,
                "z": 1.9690672159194946
            },
            "transform": [
                -0.04181969165802002,
                0.0,
                -0.9991253018379211,
                0.0,
                0.0,
                1.0,
                0.0,
                0.0,
                0.9991253018379211,
                0.0,
                -0.04181969165802002,
                0.0,
                -1.3875920696379824,
                -0.7677037119865417,
                -1.4270383040739736,
                1.0
            ]
        },
        {
            "category": "storage",
            "confidence": "medium",
            "id": "9E640D83-2D51-42EB-AEAD-17590BF1C48F",
            "scale": {
                "x": 2.0744526386260986,
                "y": 2.3412437438964844,
                "z": 0.5713602304458618
            },
            "transform": [
                -0.999125063419342,
                0.0,
                0.04181966185569763,
                0.0,
                0.0,
                0.9999999403953552,
                0.0,
                0.0,
                -0.04181966558098793,
                0.0,
                -0.9991249442100525,
                0.0,
                -0.5860739902425238,
                0.11568735539913177,
                1.4619699632043,
                1.0
            ]
        },
        {
            "category": "television",
            "confidence": "medium",
            "id": "D3712445-833E-4253-872C-CF1A5DBA4B14",
            "scale": {
                "x": 0.6900433897972107,
                "y": 0.453694611787796,
                "z": 0.10000010579824448
            },
            "transform": [
                0.04181944206357002,
                0.0,
                0.999125063419342,
                0.0,
                0.0,
                1.0,
                0.0,
                0.0,
                -0.9991251230239868,
                0.0,
                0.04181945323944092,
                0.0,
                1.6115471150229341,
                0.034419458359479904,
                -1.0321153355960084,
                1.0
            ]
        },
        {
            "category": "chair",
            "confidence": "high",
            "id": "AC17046E-21A7-42D9-BCB3-58A7737C12F7",
            "scale": {
                "x": 0.6561184525489807,
                "y": 1.2424359321594238,
                "z": 0.7480190992355347
            },
            "transform": [
                0.06109345331788063,
                0.0,
                -0.9981319308280945,
                0.0,
                0.0,
                0.9999999403953552,
                0.0,
                0.0,
                0.9981318712234497,
                0.0,
                0.06109342351555824,
                0.0,
                0.1645338110601584,
                -0.43371647596359253,
                -0.6913038068081321,
                1.0
            ]
        },
        {
            "category": "table",
            "confidence": "high",
            "id": "B033E89B-9CDD-4FE1-851E-2D0F2A803C47",
            "scale": {
                "x": 1.7879743576049805,
                "y": 0.8641015291213989,
                "z": 0.6312766075134277
            },
            "transform": [
                0.041819553822278976,
                0.0,
                0.999125063419342,
                0.0,
                0.0,
                1.0000001192092896,
                0.0,
                0.0,
                -0.9991251826286316,
                0.0,
                0.04181955009698868,
                0.0,
                0.7997465474162773,
                -0.6228836178779602,
                -1.0581890471367281,
                1.0
            ]
        }
    ],
    "surfaces": [
        {
            "category": "wall",
            "confidence": "high",
            "edges": [
                false,
                false,
                false,
                false
            ],
            "id": "34DF1B17-A4C9-4EBC-A320-CA9E8339A591",
            "is_open": null,
            "scale": {
                "x": 3.8036248683929443,
                "y": 3.0075931549072266,
                "z": 0
            },
            "transform": [
                0.04181946814060211,
                0.0,
                0.9991250038146973,
                0.0,
                0.0,
                0.9999999403953552,
                0.0,
                0.0,
                -0.999125063419342,
                0.0,
                0.0418194942176342,
                0.0,
                1.153508186340332,
                0.44886213541030884,
                -0.19450443983078003,
                1.0
            ]
        },
        {
            "category": "wall",
            "confidence": "high",
            "edges": [
                false,
                false,
                false,
                false
            ],
            "id": "38FC6F1E-B958-44A8-AD3B-543A60D9909F",
            "is_open": null,
            "scale": {
                "x": 3.600830316543579,
                "y": 3.0075931549072266,
                "z": 0
            },
            "transform": [
                -0.9991250038146973,
                0.0,
                0.0418194942176342,
                0.0,
                0.0,
                0.9999999403953552,
                0.0,
                0.0,
                -0.0418194979429245,
                0.0,
                -0.9991250038146973,
                0.0,
                -0.5657988786697388,
                0.44886213541030884,
                1.7809364795684814,
                1.0
            ]
        },
        {
            "category": "wall",
            "confidence": "high",
            "edges": [
                false,
                false,
                false,
                false
            ],
            "id": "97840E0A-CF32-4730-AE2E-E2164724FFC1",
            "is_open": null,
            "scale": {
                "x": 3.4799206256866455,
                "y": 3.0075931549072266,
                "z": 0
            },
            "transform": [
                0.9991250038146973,
                0.0,
                -0.04181947559118271,
                0.0,
                0.0,
                0.9999999403953552,
                0.0,
                0.0,
                0.04181946814060211,
                0.0,
                0.999125063419342,
                0.0,
                -0.6644626259803772,
                0.44886213541030884,
                -2.0218887329101562,
                1.0
            ]
        },
        {
            "category": "wall",
            "confidence": "high",
            "edges": [
                false,
                false,
                false,
                false
            ],
            "id": "7B3811CF-B0D9-471E-BED7-30B2F1A7A2D5",
            "is_open": null,
            "scale": {
                "x": 3.0704174041748047,
                "y": 3.0075931549072266,
                "z": 0
            },
            "transform": [
                -0.04181952401995659,
                0.0,
                -0.9991250038146973,
                0.0,
                0.0,
                0.9999999403953552,
                0.0,
                0.0,
                0.9991250038146973,
                0.0,
                -0.04181952401995659,
                0.0,
                -2.428840398788452,
                0.44886213541030884,
                0.32236361503601074,
                1.0
            ]
        },
        {
            "category": "wall",
            "confidence": "high",
            "edges": [
                false,
                false,
                false,
                false
            ],
            "id": "442D1B5B-940E-4FDA-98D5-D14B3BEB646D",
            "is_open": null,
            "scale": {
                "x": 0.733207643032074,
                "y": 3.0075931549072266,
                "z": 0
            },
            "transform": [
                -0.04181952774524689,
                0.0,
                -0.999125063419342,
                0.0,
                0.0,
                0.9999999403953552,
                0.0,
                0.0,
                0.999125063419342,
                0.0,
                -0.04181951284408569,
                0.0,
                -2.3875694274902344,
                0.44886213541030884,
                -1.582841396331787,
                1.0
            ]
        },
        {
            "category": "wall",
            "confidence": "high",
            "edges": [
                false,
                false,
                false,
                false
            ],
            "id": "1C23638C-E3C2-4FA4-A618-35C90098C848",
            "is_open": null,
            "scale": {
                "x": 0.12090959399938583,
                "y": 3.0075931549072266,
                "z": 0
            },
            "transform": [
                0.999125063419342,
                0.0,
                -0.041820164769887924,
                0.0,
                0.0,
                0.9999999403953552,
                0.0,
                0.0,
                0.04182015359401703,
                0.0,
                0.999125063419342,
                0.0,
                -2.432640314102173,
                0.44886213541030884,
                -1.2140302658081055,
                1.0
            ]
        },
        {
            "category": "door",
            "confidence": "high",
            "edges": [
                false,
                false,
                false,
                false
            ],
            "id": "B82AA59E-A4A6-41F3-8557-D5CEC4256762",
            "is_open": false,
            "scale": {
                "x": 0.9002075791358948,
                "y": 2.1876251697540283,
                "z": 0
            },
            "transform": [
                -0.9991250038146973,
                0.0,
                0.0418194942176342,
                0.0,
                0.0,
                1.0,
                0.0,
                0.0,
                -0.0418194979429245,
                0.0,
                -0.9991250038146973,
                0.0,
                0.6869646310806274,
                0.03887812793254852,
                1.7285008430480957,
                1.0
            ]
        },
        {
            "category": "window",
            "confidence": "medium",
            "edges": [
                false,
                false,
                false,
                false
            ],
            "id": "8C6ACF77-AC3A-4FB5-A86E-BF90F418B2B8",
            "is_open": null,
            "scale": {
                "x": 0.9942629337310791,
                "y": 1.131649136543274,
                "z": 0
            },
            "transform": [
                0.9991250038146973,
                0.0,
                -0.041819553822278976,
                0.0,
                0.0,
                0.9999999403953552,
                0.0,
                0.0,
                0.041819583624601364,
                0.0,
                0.9991251230239868,
                0.0,
                -0.6722233891487122,
                0.5496253967285156,
                -2.021563768386841,
                1.0
            ]
        }
    ]
}