{
  "surfaces" : [
    {
      "id" : "B1A1F258-BEF9-4932-BB12-5E62A2190349",
      "edges" : [
        false,
        false,
        false,
        false
      ],
      "confidence" : "high",
      "transform" : [
        0.72369551658630371, 0,                   0.69011944532394409,                  0,
        0,                   0.99999994039535522, 0,                                    0,
        -0.69011938571929932,0,                   0.72369545698165894,                 0,
        1.0332562923431396,  0.27664858102798462,-0.18603730201721191,                  1
      ],
      "category" : "wall",
      "scale" : {
        "x" : 3.8385584354400635,
        "y" : 2.9596676826477051,
        "z" : 0
      }
    },
    {
      "id" : "CD11B768-F371-4734-AFB1-7BB3249C738E",
      "edges" : [
        false,
        false,
        false,
        false
      ],
      "confidence" : "high",
      "transform" : [
        -0.69011932611465454,
        0,
        0.72369545698165894,
        0,
        0,
        0.99999994039535522,
        0,
        0,
        -0.72369551658630371,
        0,
        -0.69011932611465454,
        0,
        1.1861575841903687,
        0.27664858102798462,
        2.4347047805786133,
        1
      ],
      "category" : "wall",
      "scale" : {
        "x" : 3.5821986198425293,
        "y" : 2.9596676826477051,
        "z" : 0
      }
    },
    {
      "id" : "D0F0E502-1E36-41C2-BD70-810C71A8808D",
      "edges" : [
        false,
        false,
        false,
        false
      ],
      "confidence" : "high",
      "transform" : [
        0.69011950492858887,
        0,
        -0.72369551658630371,
        0,
        0,
        0.99999994039535522,
        0,
        0,
        0.72369551658630371,
        0,
        0.69011944532394409,
        0,
        -1.5460700988769531,
        0.27664858102798462,
        -0.26230299472808838,
        1
      ],
      "category" : "wall",
      "scale" : {
        "x" : 3.4497003555297852,
        "y" : 2.9596676826477051,
        "z" : 0
      }
    },
    {
      "id" : "BCD6034E-E506-4D79-A55D-8F4358985776",
      "edges" : [
        false,
        false,
        false,
        false
      ],
      "confidence" : "high",
      "transform" : [
        -0.72369545698165894,
        0,
        -0.69011932611465454,
        0,
        0,
        0.99999994039535522,
        0,
        0,
        0.69011932611465454,
        0,
        -0.72369551658630371,
        0,
        -1.169244647026062,
        0.27664858102798462,
        2.6635174751281738,
        1
      ],
      "category" : "wall",
      "scale" : {
        "x" : 3.0933716297149658,
        "y" : 2.9596676826477051,
        "z" : 0
      }
    },
    {
      "id" : "ED3F4DA6-B4A4-4A31-97E1-BC4A39D10525",
      "edges" : [
        false,
        false,
        false,
        false
      ],
      "confidence" : "high",
      "transform" : [
        -0.72369498014450073,
        0,
        -0.69012010097503662,
        0,
        0,
        0.99999994039535522,
        0,
        0,
        0.69012010097503662,
        0,
        -0.72369492053985596,
        0,
        -2.4667797088623047,
        0.27664858102798462,
        1.2430967092514038,
        1
      ],
      "category" : "wall",
      "scale" : {
        "x" : 0.74518483877182007,
        "y" : 2.9596676826477051,
        "z" : 0
      }
    },
    {
      "id" : "5C88B29F-CB22-4545-A4EA-9B761DA66BD5",
      "edges" : [
        false,
        false,
        false,
        false
      ],
      "confidence" : "high",
      "transform" : [
        0.6901085376739502,
        0,
        -0.72370576858520508,
        0,
        0,
        0.99999994039535522,
        0,
        0,
        0.72370582818984985,
        0,
        0.6901085376739502,
        0,
        -2.2428553104400635,
        0.27664858102798462,
        1.5481748580932617,
        1
      ],
      "category" : "wall",
      "scale" : {
        "x" : 0.1324978768825531,
        "y" : 2.9596676826477051,
        "z" : 0
      }
    },
    {
      "isOpen" : false,
      "category" : "door",
      "confidence" : "high",
      "id" : "29C73853-97CE-43CF-B979-08E7F523F7B3",
      "edges" : [
        false,
        false,
        false,
        false
      ],
      "transform" : [
        -0.69011938571929932,
        0,
        0.72369563579559326,
        0,
        0,
        1.0000001192092896,
        0,
        0,
        -0.72369557619094849,
        0,
        -0.69011926651000977,
        0,
        2.0607888698577881,
        -0.13743853569030762,
        1.5175204277038574,
        1
      ],
      "scale" : {
        "x" : 0.87156158685684204,
        "y" : 2.1314935684204102,
        "z" : 0
      }
    },
    {
      "id" : "D10FEB75-CCB2-4F72-8607-48AE7B5E5643",
      "edges" : [
        false,
        false,
        false,
        false
      ],
      "confidence" : "medium",
      "transform" : [
        0.69011944532394409,
        0,
        -0.72369539737701416,
        0,
        0,
        0.99999988079071045,
        0,
        0,
        0.72369545698165894,
        0,
        0.69011944532394409,
        0,
        -1.5699834823608398,
        0.38407337665557861,
        -0.23722630739212036,
        1
      ],
      "category" : "window",
      "scale" : {
        "x" : 1.054930567741394,
        "y" : 1.1049410104751587,
        "z" : 0
      }
    }
  ],
  "objects" : [
    {
      "id" : "9C041969-296E-465A-804A-1BACEA6CBAD2",
      "confidence" : "medium",
      "transform" : [
        -0.84152382612228394,
        0,
        -0.54021984338760376,
        0,
        0,
        1,
        0,
        0,
        0.54021984338760376,
        0,
        -0.84152382612228394,
        0,
        1.0049619674682617,
        -0.78336447477340698,
        0.56446713209152222,
        1
      ],
      "category" : "chair",
      "scale" : {
        "x" : 0.47914868593215942,
        "y" : 0.83964133262634277,
        "z" : 0.47688254714012146
      }
    },
    {
      "id" : "E14DACCD-452C-45CF-A62E-58FEE95F2B74",
      "confidence" : "medium",
      "transform" : [
        -0.72369551658630371,
        0,
        -0.69011944532394409,
        0,
        0,
        1,
        0,
        0,
        0.69011944532394409,
        0,
        -0.72369545698165894,
        0,
        -1.5886116027832031,
        -0.88042086362838745,
        0.72318756580352783,
        1
      ],
      "category" : "bed",
      "scale" : {
        "x" : 1.2986377477645874,
        "y" : 0.64552891254425049,
        "z" : 1.9645928144454956
      }
    },
    {
      "id" : "4111C90B-6500-4778-AC02-7E9AD9C47361",
      "confidence" : "medium",
      "transform" : [
        -0.69011962413787842,
        0,
        0.72369527816772461,
        0,
        0,
        0.99999994039535522,
        0,
        0,
        -0.72369521856307983,
        0,
        -0.69011956453323364,
        0,
        0.46009409427642822,
        -0.031636171042919159,
        2.780719518661499,
        1
      ],
      "category" : "storage",
      "scale" : {
        "x" : 2.0792393684387207,
        "y" : 2.3430981636047363,
        "z" : 0.57331711053848267
      }
    },
    {
      "id" : "DD734DCA-4594-40AB-9BF9-A7CE4C0AA208",
      "confidence" : "medium",
      "transform" : [
        -0.72369521856307983,
        0,
        -0.69011950492858887,
        0,
        0,
        1,
        0,
        0,
        0.69011950492858887,
        0,
        -0.72369521856307983,
        0,
        -0.35978329181671143,
        -0.92610758543014526,
        2.0809848308563232,
        1
      ],
      "category" : "bed",
      "scale" : {
        "x" : 1.3680981397628784,
        "y" : 0.55415558815002441,
        "z" : 1.9604029655456543
      }
    },
    {
      "id" : "5DE92784-7A70-454B-A340-0CE71C39B297",
      "confidence" : "medium",
      "transform" : [
        -0.72369563579559326,
        0,
        -0.69011908769607544,
        0,
        0,
        1,
        0,
        0,
        0.69011908769607544,
        0,
        -0.72369563579559326,
        0,
        -1.5954364538192749,
        -0.94581001996994019,
        1.9417251348495483,
        1
      ],
      "category" : "storage",
      "scale" : {
        "x" : 0.55788367986679077,
        "y" : 0.51475071907043457,
        "z" : 0.45646938681602478
      }
    }
  ]
}