{
  "sceneCreatedModel" : [
    {
      "id" : "6338",
      "category" : "platform",
      "transform" : [
        1,
        0,
        0,
        0,
        0,
        7.5497901264043321e-08,
        1,
        0,
        0,
        -1,
        7.5497901264043321e-08,
        0,
        0,
        -1.2999999523162842,
        0,
        1
      ]
    }
  ],
  "specialID" : "h7RHlUTPo0YROvva4zsIVmjxziC30B443FF8-180A-4F77-9F05-5F91D9394C1E",
  "dominantColors" : {
    "Window+0B443FF8-180A-4F77-9F05-5F91D9394C1E" : [
      "#aeb2afff",
      "#ffffffff",
      "#070707ff",
      "#767877ff",
      "#a7a590ff",
      "#595958ff",
      "#ffdf3bff",
      "#f88a60ff"
    ],
    "Wall+9A0B5778-275A-4DFA-BF5B-CF3BCF5FE7D4" : [
      "#b7b6b1ff",
      "#dfd8cbff",
      "#ada790ff",
      "#030303ff",
      "#ffffffff",
      "#560917ff",
      "#8f8f8aff",
      "#ff723bff"
    ],
    "Wall+903C64D5-1743-462D-AE78-7ADE461EBEBC" : [
      "#cacbc4ff",
      "#040402ff",
      "#7b7975ff",
      "#282824ff",
      "#403b31ff",
      "#aaa69eff",
      "#363b49ff",
      "#ffffffff"
    ],
    "Opening+F114EEE2-72AC-491B-B0FD-74BF37C94E00" : [
      "#bebcb3ff",
      "#e9ebe1ff",
      "#a39f95ff",
      "#3f3b37ff",
      "#270b07ff",
      "#ebddc3ff",
      "#7e7c74ff",
      "#b8905cff"
    ],
    "Door+7064FB45-B733-41DB-B24A-B4A01D2B18F7" : [
      "#d3c5abff",
      "#483e38ff",
      "#000103ff",
      "#c1cad8ff",
      "#71767cff",
      "#0f0a20ff",
      "#604c37ff",
      "#bf9060ff"
    ],
    "Wall+274E5A2C-11C2-4C94-8430-256C98C3D3BF" : [
      "#e7e8e2ff",
      "#c1c2bcff",
      "#210904ff",
      "#330a03ff",
      "#dbd0bbff",
      "#471806ff",
      "#a79479ff",
      "#5a4137ff"
    ],
    "Object+020B2A5F-A14E-453F-A4B9-ED7F2EC6D8B0" : [
      "#ced1cbff",
      "#393834ff",
      "#564d41ff",
      "#767773ff",
      "#101010ff",
      "#4e5262ff",
      "#c0a675ff",
      "#708bbfff"
    ]
  },
  "surfaces" : [
    {
      "category" : "wall",
      "confidence" : "high",
      "id" : "903C64D5-1743-462D-AE78-7ADE461EBEBC",
      "texture" : "1174",
      "edges" : [
        false,
        false,
        false,
        false
      ],
      "transform" : [
        0.89376121759414673,
        0,
        0.4485430121421814,
        0,
        0,
        1,
        0,
        0,
        -0.4485430121421814,
        0,
        0.89376121759414673,
        0,
        -0.063823133707046509,
        0.15362818539142609,
        -1.6532992124557495,
        1
      ],
      "scale" : {
        "x" : 3.8212809562683105,
        "y" : 2.9989268779754639,
        "z" : 0
      }
    },
    {
      "category" : "wall",
      "confidence" : "high",
      "id" : "719F290B-8115-4790-8841-F88195C58783",
      "texture" : "grunge-wall-texture",
      "edges" : [
        false,
        false,
        false,
        false
      ],
      "transform" : [
        0.4485432505607605,
        0,
        -0.89376115798950195,
        0,
        0,
        1,
        0,
        0,
        0.89376115798950195,
        0,
        0.4485432505607605,
        0,
        -2.5489592552185059,
        0.15362818539142609,
        -0.96110796928405762,
        1
      ],
      "scale" : {
        "x" : 3.4666883945465088,
        "y" : 2.9989268779754639,
        "z" : 0
      }
    },
    {
      "category" : "wall",
      "confidence" : "high",
      "id" : "CDBEB28F-67A1-4A47-A61E-70641C2116CC",
      "texture" : "file:\/\/\/var\/mobile\/Containers\/Data\/Application\/E5C08F2B-B427-4F69-A97C-0B82809E46B8\/Documents\/image.jpg",
      "edges" : [
        false,
        false,
        false,
        false
      ],
      "transform" : [
        -0.89376091957092285,
        0,
        -0.44854328036308289,
        0,
        0,
        1,
        0,
        0,
        0.44854328036308289,
        0,
        -0.89376091957092285,
        0,
        -1.3519558906555176,
        0.15362818539142609,
        1.7108204364776611,
        1
      ],
      "scale" : {
        "x" : 3.1059417724609375,
        "y" : 2.9989268779754639,
        "z" : 0
      }
    },
    {
      "category" : "wall",
      "confidence" : "high",
      "id" : "3031B743-437A-4038-985E-FB07392EBB9D",
      "texture" : "grunge-wall-texture",
      "edges" : [
        false,
        false,
        false,
        false
      ],
      "transform" : [
        -0.89376091957092285,
        0,
        -0.4485432505607605,
        0,
        0,
        1,
        0,
        0,
        0.4485432505607605,
        0,
        -0.89376091957092285,
        0,
        -3.006767749786377,
        0.15362818539142609,
        0.74851822853088379,
        1
      ],
      "scale" : {
        "x" : 0.71533972024917603,
        "y" : 2.9989268779754639,
        "z" : 0
      }
    },
    {
      "category" : "wall",
      "confidence" : "high",
      "id" : "DCC5D4AA-EDC4-4969-BD91-159095943C07",
      "texture" : "grunge-wall-texture",
      "edges" : [
        false,
        false,
        false,
        false
      ],
      "transform" : [
        0.44854527711868286,
        0,
        -0.893760085105896,
        0,
        0,
        1,
        0,
        0,
        0.893760085105896,
        0,
        0.44854527711868286,
        0,
        -2.7135186195373535,
        0.15362818539142609,
        0.96159720420837402,
        1
      ],
      "scale" : {
        "x" : 0.11781390011310577,
        "y" : 2.9989268779754639,
        "z" : 0
      }
    },
    {
      "category" : "wall",
      "confidence" : "high",
      "id" : "58D04DED-7F10-4E58-9ADF-4CE2ACAFAECF",
      "texture" : "grunge-wall-texture",
      "edges" : [
        false,
        false,
        false,
        false
      ],
      "transform" : [
        -0.44854342937469482,
        0,
        0.8937612771987915,
        0,
        0,
        1,
        0,
        0,
        -0.8937612771987915,
        0,
        -0.44854342937469482,
        0,
        0.8399311900138855,
        0.15362818539142609,
        0.8055499792098999,
        1
      ],
      "scale" : {
        "x" : 3.5845029354095459,
        "y" : 2.9989268779754639,
        "z" : 0
      }
    },
    {
      "category" : "door",
      "isOpen" : true,
      "confidence" : "medium",
      "id" : "F114EEE2-72AC-491B-B0FD-74BF37C94E00",
      "a3dModel" : "Wooden_Door_1-2.usdz",
      "edges" : [
        false,
        false,
        false,
        false
      ],
      "transform" : [
        0.4485434889793396,
        0,
        -0.89376097917556763,
        0,
        0,
        1,
        0,
        0,
        0.89376097917556763,
        0,
        0.4485434889793396,
        0,
        1.3941695690155029,
        -0.27813687920570374,
        -0.29881829023361206,
        1
      ],
      "scale" : {
        "x" : 0.75450903177261353,
        "y" : 2.1353967189788818,
        "z" : 0
      }
    },
    {
      "category" : "window",
      "confidence" : "medium",
      "id" : "0B443FF8-180A-4F77-9F05-5F91D9394C1E",
      "a3dModel" : "Sliding_Window.usdz",
      "edges" : [
        false,
        false,
        false,
        false
      ],
      "transform" : [
        0.4485432505607605,
        0,
        -0.89376115798950195,
        0,
        0,
        1,
        0,
        0,
        0.89376115798950195,
        0,
        0.4485432505607605,
        0,
        -2.5489592552185059,
        0.23832042515277863,
        -0.96110796928405762,
        1
      ],
      "scale" : {
        "x" : 1.1607215404510498,
        "y" : 1.0933001041412354,
        "z" : 0
      }
    }
  ],
  "objects" : [
    {
      "a3dModel" : "Gaming_Chair_1.usdz",
      "id" : "020B2A5F-A14E-453F-A4B9-ED7F2EC6D8B0",
      "confidence" : "medium",
      "transform" : [
        0.93925982713699341,
        0,
        -0.34320840239524841,
        0,
        0,
        1,
        0,
        0,
        0.34320849180221558,
        0,
        0.93926000595092773,
        0,
        -1.4268157482147217,
        -0.78795421123504639,
        -1.3447918891906738,
        1
      ],
      "category" : "chair",
      "scale" : {
        "x" : 0.63416767120361328,
        "y" : 1.1157622337341309,
        "z" : 0.71253728866577148
      }
    },
    {
      "id" : "54375F90-65EE-4A60-A778-4B232A976F01",
      "confidence" : "medium",
      "transform" : [
        -0.89376091957092285,
        0,
        -0.4485432505607605,
        0,
        0,
        1,
        0,
        0,
        0.4485432505607605,
        0,
        -0.89376091957092285,
        0,
        -1.6742290258407593,
        -1.0953689813613892,
        1.2942599058151245,
        1
      ],
      "category" : "storage",
      "scale" : {
        "x" : 0.48090535402297974,
        "y" : 0.50093233585357666,
        "z" : 0.52404403686523438
      }
    },
    {
      "a3dModel" : "table.usdz",
      "id" : "62247CD7-30C6-41B7-8115-F04836B07E73",
      "confidence" : "high",
      "transform" : [
        0.8937612771987915,
        0,
        0.44854292273521423,
        0,
        0,
        1,
        0,
        0,
        -0.44854292273521423,
        0,
        0.8937612771987915,
        0,
        -0.63984495401382446,
        -0.94484484195709229,
        -1.604392409324646,
        1
      ],
      "category" : "table",
      "scale" : {
        "x" : 2.8355019092559814,
        "y" : 0.80198073387145996,
        "z" : 0.60416215658187866
      }
    },
    {
      "a3dModel" : "Office_Chair.usdz",
      "id" : "CB819DD6-AEEC-4BF3-AA30-5AC78AA7C77A",
      "confidence" : "medium",
      "transform" : [
        -0.44854283332824707,
        0,
        0.89376133680343628,
        0,
        0,
        1,
        0,
        0,
        -0.89376133680343628,
        0,
        -0.44854283332824707,
        0,
        -0.51603388786315918,
        -1.0236227512359619,
        -1.1888012886047363,
        1
      ],
      "category" : "chair",
      "scale" : {
        "x" : 0.49170485138893127,
        "y" : 0.64442497491836548,
        "z" : 0.55027472972869873
      }
    },
    {
      "a3dModel" : "Wooden_Bed.usdz",
      "id" : "D9D92711-2391-490B-B2DB-D62E247F6371",
      "confidence" : "medium",
      "transform" : [
        0.42261922359466553,
        1.0677029393946214e-07,
        -0.9063073992729187,
        0,
        -8.5205122957177082e-08,
        1,
        7.8076134002458275e-08,
        0,
        0.9063073992729187,
        4.4225551221188653e-08,
        0.42261922359466553,
        0,
        -0.46062332391738892,
        -1.0358014106750488,
        0.80919516086578369,
        1
      ],
      "category" : "bed",
      "scale" : {
        "x" : 1.4287264347076416,
        "y" : 0.6200675368309021,
        "z" : 2.0543951988220215
      }
    },
    {
      "a3dModel" : "Wooden_Bed.usdz",
      "id" : "CFB79630-116B-4101-B372-12128570DB50",
      "confidence" : "medium",
      "transform" : [
        -0.44854432344436646,
        0,
        0.89376151561737061,
        0,
        0,
        1,
        0,
        0,
        -0.89376145601272583,
        0,
        -0.44854453206062317,
        0,
        -2.1897401809692383,
        -1.0229963064193726,
        0.02350936084985733,
        1
      ],
      "category" : "bed",
      "scale" : {
        "x" : 1.2819783687591553,
        "y" : 0.64567792415618896,
        "z" : 1.8914865255355835
      }
    },
    {
      "category" : "storage",
      "confidence" : "high",
      "id" : "69F30847-D6B8-4F70-8B0A-A20EE324DB38",
      "a3dModel" : "Wardrobe.usdz",
      "texture" : "grunge-wall-texture",
      "transform" : [
        0.4485434889793396,
        0,
        -0.89376097917556763,
        0,
        0,
        1,
        0,
        0,
        0.89376097917556763,
        0,
        0.4485434889793396,
        0,
        0.58659625053405762,
        -0.16997919976711273,
        0.68459582328796387,
        1
      ],
      "scale" : {
        "x" : 0.7341156005859375,
        "y" : 2.3517119884490967,
        "z" : 0.52762341499328613
      }
    }
  ]
}